sample_id	trinucleotide	var_counts	minor_cn	major_cn	total_cn	depth	clonesig_clone_reassignment	signature	mult	vaf	vaf_cn	vaf_purity
Confirm067_T	8	70	1	1	2	230	1	4	1	0.304347826	0.608695652	0.951086957
Confirm067_T	39	68	1	1	2	210	1	4	1	0.323809524	0.647619048	1.011904762
Confirm067_T	46	133	1	1	2	431	1	0	1	0.308584687	0.617169374	0.964327146
Confirm067_T	1	36	1	1	2	124	1	4	1	0.290322581	0.580645161	0.907258065
Confirm067_T	12	24	1	1	2	64	1	4	1	0.375	0.75	1.171875
Confirm067_T	87	132	0	1	1	247	1	4	1	0.534412955	0.534412955	1.13562753
Confirm067_T	72	61	1	1	2	205	1	2	1	0.297560976	0.595121951	0.929878049
Confirm067_T	34	115	1	1	2	338	1	0	1	0.340236686	0.680473373	1.063239645
Confirm067_T	34	9	1	1	2	29	1	0	1	0.310344828	0.620689655	0.969827586
Confirm067_T	28	33	1	1	2	104	1	4	1	0.317307692	0.634615385	0.991586538
Confirm067_T	28	72	0	1	1	137	1	4	1	0.525547445	0.525547445	1.116788321
Confirm067_T	37	35	1	1	2	96	1	4	1	0.364583333	0.729166667	1.139322917
Confirm067_T	43	39	1	1	2	125	1	4	1	0.312	0.624	0.975
Confirm067_T	37	50	1	1	2	139	1	4	1	0.35971223	0.71942446	1.124100719
Confirm067_T	32	43	1	1	2	97	1	4	1	0.443298969	0.886597938	1.385309278
Confirm067_T	1	10	1	1	2	37	3	1	1	0.27027027	0.540540541	0.844594595
Confirm067_T	38	100	1	1	2	298	1	0	1	0.33557047	0.67114094	1.048657718
Confirm067_T	43	172	1	1	2	428	1	4	1	0.401869159	0.803738318	1.255841121
Confirm067_T	16	39	1	1	2	120	1	4	1	0.325	0.65	1.015625
Confirm067_T	46	30	1	1	2	197	2	2	1	0.152284264	0.304568528	0.475888325
Confirm067_T	44	11	1	1	2	134	0	4	1	0.082089552	0.164179104	0.256529851
Confirm067_T	40	4	1	1	2	66	0	3	1	0.060606061	0.121212121	0.189393939
Confirm067_T	37	43	1	1	2	331	2	2	1	0.129909366	0.259818731	0.405966767
MED006.R1	37	337	1	2	3	1802	1	5	1	0.187014428	0.561043285	0.950338626
MED006.R1	3	24	1	2	3	93	1	3	1	0.258064516	0.774193548	1.311389072
MED006.R1	39	66	1	2	3	322	1	1	1	0.204968944	0.614906832	1.041576879
MED006.R1	75	27	1	1	2	87	1	1	1	0.310344828	0.620689655	1.266713582
MED006.R1	61	91	1	1	2	356	1	3	1	0.255617978	0.511235955	1.043338684
MED006.R1	36	82	1	1	2	374	1	5	1	0.219251337	0.438502674	0.894903416
MED006.R1	10	89	1	1	2	402	1	1	1	0.221393035	0.44278607	0.90364504
MED006.R1	48	62	1	1	2	235	1	3	1	0.263829787	0.527659574	1.076856274
MED006.R1	54	34	0	1	1	110	1	3	1	0.309090909	0.309090909	0.952504638
MED006.R1	33	41	1	1	2	155	1	5	1	0.264516129	0.529032258	1.07965767
MED006.R1	95	53	0	1	1	144	1	1	1	0.368055556	0.368055556	1.134212018
MED006.R1	55	42	1	1	2	193	1	3	1	0.21761658	0.435233161	0.88823094
MED006.R1	32	56	1	1	2	267	1	1	1	0.209737828	0.419475655	0.856072766
MED006.R1	42	73	1	1	2	309	1	0	1	0.236245955	0.472491909	0.964269203
MED006.R1	37	94	1	1	2	419	1	5	1	0.224343675	0.448687351	0.915688471
MED006.R1	59	33	1	1	2	153	1	3	1	0.215686275	0.431372549	0.880352141
MIST2_007_T	70	5	0	1	1	8	0	0	1	0.625	0.625	3.407258065
MIST2_007_T	38	5	0	1	1	8	0	0	1	0.625	0.625	3.407258065
MIST2_007_T	35	10	1	1	2	42	0	0	1	0.238095238	0.476190476	1.53609831
MIST2_007_T	72	6	1	1	2	23	0	0	1	0.260869565	0.52173913	1.683029453
MIST2_007_T	12	10	1	1	2	186	1	5	1	0.053763441	0.107526882	0.346860909
MIST2_007_T	44	12	1	1	2	213	1	4	1	0.056338028	0.112676056	0.363471149
MIST2_007_T	10	5	1	1	2	71	1	5	1	0.070422535	0.14084507	0.454338937
MIST2_007_T	51	25	1	1	2	233	1	5	1	0.107296137	0.214592275	0.692233144
MIST2_007_T	74	4	1	1	2	40	1	3	1	0.1	0.2	0.64516129
MIST2_007_T	70	13	1	1	2	168	1	3	1	0.077380952	0.154761905	0.499231951
MIST2_007_T	78	8	1	1	2	62	1	3	1	0.129032258	0.258064516	0.832466181
MIST2_007_T	42	4	1	1	2	53	1	1	1	0.075471698	0.150943396	0.486914181
MIST2_007_T	31	20	1	1	2	158	0	0	1	0.126582278	0.253164557	0.816659861
MIST2_007_T	38	7	1	1	2	68	1	1	1	0.102941176	0.205882353	0.664136622
MIST2_007_T	6	4	1	1	2	18	0	0	1	0.222222222	0.444444444	1.433691756
MIST2_007_T	79	17	1	1	2	214	1	3	1	0.079439252	0.158878505	0.512511305
MIST2_007_T	46	4	1	1	2	76	1	1	1	0.052631579	0.105263158	0.339558574
MIST2_007_T	33	11	1	1	2	150	1	4	1	0.073333333	0.146666667	0.47311828
MIST2_007_T	68	9	1	1	2	142	1	3	1	0.063380282	0.126760563	0.408905043
MIST2_007_T	79	18	1	1	2	323	1	3	1	0.055727554	0.111455108	0.359532608
