sample	chromosome	startpos	endpos	nMajor	nMinor	nTotal
Confirm067_T	1	12819122	12955525	1	0	1
Confirm067_T	1	77042545	78031706	1	1	2
Confirm067_T	1	78045206	80961836	1	1	2
Confirm067_T	1	80961851	117122144	1	0	1
Confirm067_T	1	117122281	119985979	1	1	2
Confirm067_T	1	150620852	152129381	1	1	2
Confirm067_T	1	152185500	153310001	1	1	2
MIST5_020_T	15	34393771	45123692	1	1	2
MIST5_020_T	17	11117	2606569	2	1	3
MIST5_020_T	17	2607560	25620868	1	0	1
MIST5_020_T	18	48813	5890161	1	1	2
MIST5_023_T	1	17312743	23340261	1	1	2
MIST5_023_T	1	23342317	26598508	1	1	2
MIST5_023_T	2	190440148	196582929	1	1	2
MIST5_023_T	3	48679798	101117730	1	1	2
MIST5_023_T	3	101136385	125702067	1	1	2
MIST5_023_T	3	125725242	127384666	0	0	0
MIST5_023_T	4	53428	10090049	1	1	2
MIST5_023_T	6	203397	26413636	1	1	2
MED183_T	1	143767646	154940315	1	1	2
MED183_T	1	224868483	225521101	1	0	1
MED183_T	2	70527777	74165987	1	1	2
MED183_T	2	242430495	242946515	1	0	1
MED183_T	3	38548556	42597694	1	1	2
MED183_T	3	47860802	93605126	1	1	2
MED183_T	5	140183058	140871249	0	0	0
MED183_T	5	140890406	142417055	1	1	2
MED183_T	5	142421306	153065630	1	0	1
MED183_T	9	154704	44869022	1	1	2
MED183_T	11	18434211	27114659	1	0	1
MED183_T	12	54116510	109689886	1	1	2
MED183_T	12	109690736	113599033	2	0	2
MED183_T	12	113714661	133810703	1	0	1